1.0 0.635734567414 0.245131360224 0.983398985549 
9.0 2.26433244871 -4.38761741113 4.32549842754 
17.0 2.10777071963 1.4299197852 1.02630196875 
25.0 3.74851778491 2.39251171862 -3.70180984269 
31.0 2.6932694349 3.60975442743 -0.501230100085 
35.0 0.683764560568 4.51720192745 1.49148589161 
44.0 -0.0017763988298 -0.260517548762 0.0896345973724 
58.0 0.321956712161 6.35832525035 -0.216337404731 
71.0 0.585714783075 -1.52671496811 0.225194949403 
79.0 0.258281648323 2.68263318243 3.3438251993 
85.0 -0.928233443112 -0.00820970024564 0.815934046075 
91.0 -0.962367415391 -3.11111153567 0.431244961374 
97.0 -0.206096099955 0.248459760938 1.09738503303 
112.0 -4.24864598275 -4.2888630499 -2.00602772825 
119.0 -2.02041078049 0.898668960102 -1.94156173247 
126.0 2.94687986968 5.22607937711 -3.85500167037 
134.0 2.28215975422 2.09342070221 2.06884049874 
139.0 0.23310048492 1.14925979314 5.3022154263 
147.0 -0.273713915523 -0.462844753103 0.477361451879 
153.0 0.314570318993 -1.84526995081 -2.0710908303 
158.0 1.38581043123 -0.594021289103 -0.28297670735 
166.0 3.19690172945 1.75309061526 1.99508295203 
173.0 0.0134516817951 0.602410766219 1.64801212168 
183.0 -5.14145588283 0.577585241139 0.346236532711 
191.0 -2.82824644257 1.26603426461 2.02249054909 
200.0 1.77794803438 2.7484928245 5.54563408367 
210.0 0.426074154052 -0.901754195097 -0.325641714269 
216.0 -2.81983050517 -1.70318754555 -0.896336876719 
223.0 -0.331746634099 -0.376283954306 0.497710726163 
229.0 2.34830041919 -0.964498133133 0.59671196784 
234.0 -0.0717087650645 -1.19499845147 1.36429348002 
242.0 -4.51888108524 1.44247867067 1.92615840344 
256.0 -1.01513493784 1.50736649109 -1.42390610132 
265.0 -0.979333348406 3.77783949738 0.703850538667 
274.0 -1.44436959675 0.984032151984 -0.284987430135 
282.0 -2.14474835105 0.788631575379 1.90050346998 
293.0 0.345210113443 -1.11348632276 0.890683728052 
299.0 -1.46294059366 -2.36007173645 -0.352896130614 
305.0 -0.221982813098 0.212008804444 -1.1717185028 
314.0 0.442226000242 3.87913278158 -3.39352760051 
318.0 -2.71840806458 2.72762216004 -3.16456461179 
324.0 -5.26293590723 -1.26799794083 -0.593882603851 
337.0 -1.01209770292 -0.504319916795 -0.174321994815 
344.0 -0.784809352526 3.75727111595 -2.07620817897 
348.0 1.98513810004 2.72451782445 -1.69380291878 
356.0 5.41301516281 -2.82789014089 -0.657040902698 
365.0 -0.776041193298 -0.256555879657 -1.43354782182 
368.0 -1.43815055233 1.02883258644 -0.889677091097 
374.0 -0.0966646077446 0.522678287334 1.0439833333 
391.0 -5.23719546384 3.59507289398 1.12435251211 
396.0 -3.02519654149 2.80306408504 4.56964650839 
401.0 -0.140149235877 0.986068373129 6.74277801161 
410.0 0.585171261833 3.51074642444 1.9374690675 
416.0 -0.938545016485 5.24348675215 -1.91848040509 
425.0 1.57762739199 0.813711744251 0.0549203048609 
432.0 3.84455553166 -0.580312978405 3.22225113418 
442.0 0.465136403221 1.94886375017 0.15887692269 
445.0 0.60612060407 1.86072128487 -0.683861238389 
447.0 1.17057272053 1.50301312892 -0.658258492488 
456.0 2.26030790253 -1.34389927482 2.25797937134 
460.0 0.801763784763 -2.61016833965 1.22007706554 
470.0 1.69159367645 -3.90317101865 -5.00078735813 
480.0 1.18416806752 0.851357466395 0.133099280232 
495.0 2.18201602201 3.74622806407 -2.23432956296 
510.0 2.10058565302 -1.85792769196 -1.23954049099 
516.0 2.15708100563 -2.07028664948 2.32096552295 
524.0 -0.182688176578 0.820340289718 0.706993960919 
530.0 -0.963063243373 1.45747286823 -2.19129812126 
535.0 -1.32782708764 -0.567924126834 -0.300318009306 
542.0 -1.35961584142 -3.09121850973 3.8039024034 
550.0 1.59870984901 -1.10770481266 -0.196380699067 
552.0 1.56435417404 -0.607865538277 -1.30817495011 
555.0 -0.0370674017717 -0.484981278695 -1.7186955317 
564.0 -7.4496131247 -2.43349826429 3.91276250462 
571.0 1.34840745266 -0.254661779896 4.80902677442 
578.0 9.71741756136 1.48524685586 1.83462195435 
585.0 2.41466148662 -2.56377496652 -1.67852037767 
592.0 -1.41647146796 -4.88083737595 -4.92176223234 
612.0 0.306391777166 -0.502607680492 -1.34701510276 
618.0 1.46659588842 -1.10501860405 -0.256770784158 
622.0 1.66026887861 0.598444619688 0.200086356503 
628.0 -0.741334557123 2.07149862515 0.00992795368502 
631.0 -1.90578394089 0.781236399714 -0.0840003786152 
639.0 -1.23050229775 -4.29032016384 0.575812078498 
645.0 -0.220870249382 -0.628328575708 -0.258747231161 
653.0 -0.548507140127 5.89519694654 -0.983317160863 
659.0 0.140794227615 1.19251165762 1.95792250948 
664.0 0.827702046433 -2.89812489369 2.88789915762 
670.0 0.954891695403 0.265008456099 -0.221290172811 
676.0 0.820653170732 4.82454651333 -1.51200728269 
682.0 0.706783139714 0.934894946161 1.61401407251 
689.0 0.435053855998 -4.50994653832 0.582585285048 
693.0 0.263618844071 -2.97085167784 -2.75504838056 
697.0 0.21394682473 0.00510627283217 -4.36331908555 
704.0 1.27249052678 1.28708270396 0.0887319027719 
715.0 3.99468591412 2.49102865636 1.03607604469 
725.0 0.212963230413 1.2818336604 1.65550531357 
731.0 -0.18074296997 -0.419832300012 3.72900644013 
744.0 -0.974560449563 1.10391072323 2.05711554869 
751.0 -1.92687572941 -2.15767281276 2.72946379214 
759.0 -0.926343230855 0.347901596932 -0.206648860344 
774.0 0.925897994181 -2.76631971569 -2.31360969677 
783.0 0.415938109399 -1.17405257836 0.663420683386 
791.0 -0.605323446844 -2.43751667344 3.77752039384 
798.0 0.200312106848 -1.51656951958 -0.288247575762 
808.0 -1.95103803355 -2.69756279993 -2.96335448259 
816.0 0.784104057251 -0.935801229407 0.955410927057 
826.0 2.05020657401 7.52115582415 2.47568983694 
836.0 2.42285989088 -0.486672570171 1.19745820403 
838.0 2.32008078093 -1.45032065032 0.813434010959 
843.0 0.0627036318258 -0.855383289293 0.532951109576 
852.0 -4.91733470234 0.350311962412 1.24609873926 
874.0 -0.436104671394 1.31032073791 1.85197936725 
881.0 2.89918935936 0.0607004972774 0.340329640377 
886.0 0.451355250415 -1.62964058933 -1.20885716861 
894.0 -4.87409664414 -3.84069311929 0.283103270125 
901.0 0.278176839505 -2.73655292947 2.55955485167 
909.0 3.69482707978 2.32504211218 4.04527125616 
928.0 -0.479355039978 -1.62637876009 -1.20756830729 
937.0 4.11341935204 -1.94670187252 0.996661934974 
946.0 0.117189798453 -0.217433460118 -1.323050024 
951.0 -2.20085980169 0.689400607733 -1.13793763991 
957.0 -0.455339783292 0.547534102741 1.06815852161 
965.0 2.46867238125 -1.62293934807 1.78811705646 
971.0 -0.0685069939229 -0.4552151306 2.13588132228 
979.0 -0.377514517003 2.75266499146 3.78182030503 
987.0 2.07191881074 -1.30101278947 2.41396857004 
990.0 1.10845071671 -2.68138275718 1.92067449782 
997.0 -1.35080339495 -0.267938002769 2.34600299227 
1010.0 6.13213647044 0.161782897751 0.103233246898 
1022.0 0.197890920232 0.592415436708 -1.14953632142 
1023.0 -0.0560478035807 0.807756182471 -1.05042380383 
1029.0 -0.0600041694968 0.421907618669 0.373650521794 
1043.0 0.606094318863 3.45613925049 0.93926463781 
1049.0 1.96531417498 0.409120826925 0.383657779014 
1057.0 -0.0986632337411 -4.71425998189 3.41796946876 
1065.0 -1.15823063489 1.04510411022 1.13082900109 
1069.0 0.213918224172 2.54045510168 -0.547015397907 
1073.0 1.09680932787 0.748514683148 0.2444276969 
1082.0 -0.403129797867 -3.75630293466 5.10038701628 
1089.0 1.11052874466 0.0361904610238 0.86400342266 
1095.0 1.39647797419 2.8081297643 -1.85989288637 
1098.0 -0.149360374965 3.27924632173 -0.868589716075 
1106.0 -3.30105269892 3.94723005706 3.28261256143 
1122.0 0.671269655284 -0.325919346527 -1.1391435947 
1131.0 -0.24139484931 -3.44084651035 -2.09275373873 
1142.0 -0.205567175229 -0.332024019817 0.602922356811 
1150.0 -5.78548816403 0.737383168518 1.49358934814 
1159.0 -0.957315035687 1.110974481 -0.950368865706 
1166.0 0.834080065083 0.913036437565 -3.2732591534 
1171.0 -0.377141338984 -1.4762057082 -1.89543848872 
1180.0 -1.36140885554 -4.17143923885 4.31363285099 
1188.0 0.547985074735 -1.45409501396 -0.655238879618 
1195.0 4.46316088414 -1.29882065292 -3.90088652766 
1203.0 2.3387295559 -2.04596015125 2.71864120334 
1207.0 -0.802400831769 -1.72732961549 4.12773557226 
1216.0 0.508601503965 -1.04696677898 0.798141870376 
1223.0 3.3490309403 0.0223307873374 1.59946588797 
1240.0 0.013383317401 -0.345014990463 -0.00932862552645 
1259.0 -0.25670359349 3.34790926699 -2.36958131902 
1262.0 -1.3218372733 3.35603774991 -1.75708952606 
1269.0 -4.93035352336 2.11817708631 0.382939905471 
1276.0 -1.13285433474 -0.943839165676 1.01778990014 
1284.0 4.00042907967 -3.84455418174 1.63763920527 
1298.0 -0.111363077902 0.29054567881 -0.740327939616 
1305.0 2.94053986945 2.18523764744 -1.62613014314 
1310.0 -0.261728735225 1.83890893634 -1.85508789878 
1314.0 -2.66353746927 1.45914317169 -1.08286505822 
1319.0 -0.254346841634 1.52071995426 1.05440751662 
1327.0 7.18408958874 0.50670180207 1.26234520868 
1339.0 1.87974698254 -3.59401067755 -2.37294319619 
1347.0 4.54866938197 -3.89011357236 -1.03305706799 
1361.0 -1.95849705863 -0.140387609795 0.288460671521 
1371.0 5.85477273506 -3.74659205152 6.89978571949 
1382.0 0.494114487766 0.188665901727 -0.431170807396 
1389.0 0.681992096197 4.46991177716 -0.931336910315 
1396.0 1.59633739697 -0.110737493631 -1.97572473032 
1400.0 0.701560572434 -1.9183165456 -2.20166501996 
1406.0 -0.410434333529 0.334372373105 -0.689045040248 
1413.0 -0.287697806057 3.1193903716 0.53826782997 
1419.0 -1.57613846828 1.9695202567 -0.212433489284 
1426.0 -3.52282936976 1.13852237386 -1.07073148211 
1434.0 0.201060925104 1.59389658163 -0.803699413768 
1445.0 3.93220080998 3.73534709079 5.10387522651 
1455.0 -1.96656943886 -0.309641665419 1.00050954924 
1459.0 -2.08977580674 -1.39747634108 -0.846380095852 
1464.0 -1.21367684445 0.17771045436 -0.108063222831 
1471.0 -2.06637515623 1.86289627702 1.07986077623 
1483.0 0.0353664104708 0.480979805428 0.0598983962977 
1491.0 1.71362715164 5.02958649279 2.36779965516 
1499.0 1.52434293927 0.29431607226 -0.928896657954 
1514.0 -0.619378834734 4.30206930974 6.74158594511 
1525.0 1.22892098427 1.26250575911 0.984707579615 
1532.0 5.91417774905 -1.11656467252 1.13723866241 
1540.0 0.99154424915 -3.27329367209 -1.64394067566 
1542.0 -0.387041808885 -3.1982906934 -2.24577403348 
1549.0 -0.478202342859 0.355027601338 0.171236880802 
1557.0 2.38431438461 3.38618142235 4.1432311851 
1575.0 0.930995069245 0.378826240885 0.483531655781 
1586.0 0.0610484305982 -2.04555716983 1.78626841328 
1599.0 0.917401241535 -1.28691174809 -0.783211001225 
1608.0 -1.12044466061 -2.52705642025 -3.01183951716 
1615.0 1.96386019559 -0.928940649243 -2.00458191555 
1627.0 1.86709929827 2.58094928831 -2.6843591848 
1640.0 -0.476633877721 -1.19190936862 -0.752714392051 
1653.0 -4.21626837955 -2.37056201549 -2.65261938875 
1661.0 -1.31109034917 -2.63366540592 1.54783605667 
1666.0 -0.0118439753883 -0.525821020593 3.93082826489 
1672.0 0.616573198849 0.943250385768 0.161927082846 
1679.0 1.44852390496 -0.992381988719 -4.34253610048 
1691.0 0.204499795702 0.318850503576 -0.226936867367 
1701.0 -0.734609395479 -4.0444531824 -4.77654732908 
1711.0 2.85219823034 -1.78933766863 2.14770125747 
1721.0 4.19603844657 0.1502509062 -4.43929461036 
1727.0 1.03566644467 -3.3142092701 -1.30192046844 
1733.0 -1.39576807982 -3.85086745391 3.42538634903 
1738.0 -1.09579413844 -1.93617727497 -0.314779436826 
1746.0 0.517351080386 -0.0962929756741 -9.24129051794 
1756.0 0.516556317244 0.78848478666 -0.214395706229 
1775.0 3.39433285915 0.877744905104 3.29397161152 
1784.0 1.2657601175 2.30710263189 2.31134779694 
1789.0 -0.03541935604 2.91749026957 2.29706206827 
1800.0 1.22028836032 -1.09815407246 1.0352031493 
1806.0 1.51039125938 -1.37682642787 -1.75885810016 
1812.0 0.315843014586 -0.460465406214 -0.0912396840271 
1820.0 -1.01730510089 1.00906885198 3.80690198155 
1829.0 -0.221505270986 1.67718193787 -1.29531898744 
1840.0 0.200154127861 -4.46688711269 0.752147802813 
1847.0 -1.75445560575 -0.21608592782 0.176070874339 
1855.0 0.265156012885 2.57014853815 -4.60805635949 
1863.0 0.97623614685 -2.76627500836 -0.672927083408 
1869.0 -2.39844091232 -2.49510795051 1.89514869307 
1876.0 -0.43461750195 -0.631331547875 -0.85399017945 
1885.0 6.75985900475 -1.54867846295 0.71741563955 
1896.0 -0.437423005402 -0.652107220793 0.900893925687 
1903.0 -0.635980947278 -1.91709945255 -2.69597860184 
1909.0 -1.51555476202 -0.0236364158188 -0.85700302104 
1917.0 -5.30787057721 0.495962383266 1.71418247078 
1930.0 0.983155134786 -0.647599212543 -2.15171923587 
1938.0 0.459303653057 4.07653248202 -1.30951043451 
1952.0 -1.33013780948 1.45132087553 -0.474583837231 
1954.0 -1.3009395514 1.30189707664 -0.933912869245 
1961.0 0.352189262155 0.829634598074 -0.207763766477 
1971.0 2.58979057241 1.70262601611 4.74173341766 
1979.0 0.989504036409 -1.39929330822 0.137991843108 
1984.0 0.161674820401 -2.16165650816 -2.36539970219 
1988.0 -0.377180076208 0.392961792567 -2.09356169103 
1995.0 -0.761147657504 4.76538460364 -0.237149440856 
