4.0 1.513216284 -1.64591964051 -1.63218509923 
12.0 4.50069483183 3.77766885907 -2.13744682696 
27.0 -1.49835577255 -0.865528210927 1.35865609385 
36.0 1.00508859719 -9.59723978079 2.17236985434 
43.0 -3.02216348535 -1.03562341273 1.9392054947 
50.0 -4.1146145331 6.57579664095 -2.87530866054 
58.0 -0.969696602843 -0.68378442439 -0.891615624525 
64.0 0.169920739571 -0.801381626649 3.27924829751 
69.0 1.52515093407 2.15181787572 0.84583593995 
77.0 2.59653499721 -1.49705049317 -4.66088892683 
86.0 0.795502819473 -0.152940217178 0.533569421501 
100.0 0.603890638891 -0.856407315765 -9.63654832524 
115.0 0.64600944334 -0.233842036462 -1.22229648818 
124.0 -5.29404071816 -6.80726923321 3.61035173144 
132.0 -0.810679869745 2.22796930855 3.09115058875 
136.0 2.92317329782 3.79588279054 1.00481109446 
142.0 0.320040087366 0.238385918025 0.281475447552 
150.0 -6.31980444543 0.131126957398 2.70458791506 
157.0 -0.110950911579 -0.0246959451805 2.72803257888 
165.0 1.97055463953 -4.99926251254 2.50343849537 
173.0 1.7104118654 -1.05497928082 1.57330574325 
180.0 4.37995933013 -0.543047292777 1.98069002055 
185.0 0.787273187095 -3.21844447313 2.24107290968 
191.0 -4.27762624159 -3.09615519678 -0.173811425585 
199.0 0.816451162146 0.296826854056 -1.49342275427 
205.0 2.87187812239 0.933219258169 1.92016546744 
208.0 0.989255144891 1.38371027593 3.0426756585 
215.0 -3.02008662524 2.47136681606 2.68708931123 
220.0 -0.700831115813 1.0600234532 3.28196491753 
228.0 4.88319916471 -1.43071380006 3.27060062427 
231.0 5.62460318777 -0.784263083953 0.798491455946 
238.0 5.86680832564 1.36211427571 -4.30619415026 
245.0 5.86415892254 0.850787185624 0.00616162882678 
259.0 4.49986661508 6.25182973307 -3.67460831003 
270.0 -2.57382058203 0.374093197122 -1.62945713655 
274.0 -2.09784460405 -1.8685424819 -1.6793047261 
282.0 1.8710010097 -0.944069212268 -0.307583263673 
290.0 1.27959882275 2.84535583843 2.99713020992 
294.0 0.820941542473 3.73132537284 0.585474946003 
299.0 0.693355289938 3.45438836245 -2.94393388208 
306.0 -1.66388606562 2.09189314068 -0.498814597985 
311.0 -3.43397792031 1.4450868311 0.441153588218 
312.0 -3.48272272956 1.33141305836 -0.152372421135 
321.0 -0.340129499497 -0.389839173176 -8.52512458206 
328.0 -0.317864911124 -1.84396463905 -0.324551856428 
334.0 -0.428086616438 -2.13069873372 6.71654708216 
347.0 1.45375816611 -0.931603099991 1.07009588191 
354.0 0.166761432136 -0.383623820708 4.93840114891 
360.0 2.87124962519 -1.03629448376 1.71150602375 
366.0 4.15741846414 -1.88899144582 -2.49888673348 
374.0 -0.017203751635 -1.78509141091 0.28402856512 
377.0 -0.801446009374 -1.46996591857 1.14261936657 
382.0 0.476447493475 -0.828520569312 0.48023459106 
404.0 4.54076889134 -4.97223310035 -4.11097603711 
417.0 1.00678133884 -0.899631527819 2.46427439018 
429.0 -5.23985275051 -0.37158792296 3.05416867179 
436.0 0.564498220417 -0.475470998554 3.35884887991 
444.0 6.94359115608 2.48257654719 1.90814211428 
452.0 0.370668837741 1.05220132323 3.15521360863 
457.0 -1.02885775492 -1.54172807758 3.83580866909 
461.0 1.63008269599 -1.11048044991 2.87431743528 
470.0 5.07900603525 5.5331581095 0.0181867373243 
478.0 -0.194923831971 -0.248180509086 -0.0776176337726 
484.0 -1.56517905463 -4.76559068428 -1.44191676168 
490.0 -0.373417930024 -0.765103454532 -3.04628538096 
495.0 1.22835551344 2.55235496501 -2.94039753719 
501.0 2.56256610817 -0.157115492974 -0.783296535542 
508.0 0.772582591028 -3.35654514674 2.14768754174 
516.0 -1.58683403316 -1.837142728 0.273192884394 
526.0 0.683806384501 -5.24190524907 -4.86368198976 
532.0 -0.894232636143 0.003207050476 -3.38534254969 
539.0 -3.34577254345 6.36656261387 -1.29747186388 
547.0 -4.09652879502 -0.0185001854545 -1.02185561189 
552.0 -4.03701166698 -3.30707690462 -0.357163058829 
559.0 -1.83324596088 0.348391320503 0.979075212578 
568.0 -0.525137655621 4.29177217497 2.51211561231 
579.0 -0.487663448904 0.372571107486 -0.209518841635 
585.0 1.14381790214 -0.651709802525 -2.37646921617 
590.0 -0.64251475488 -0.529405512599 -1.14292819128 
598.0 -2.33614951736 -1.56255248229 3.05371595142 
600.0 -0.8955897083 -2.19570837418 3.33584896771 
609.0 6.79168150045 -1.76083615755 0.256311697201 
616.0 2.41348854066 3.88117383719 -1.04190454872 
622.0 -1.48411040082 5.72195389158 1.23202322915 
627.0 0.600186831952 2.96768787462 4.00708154417 
635.0 5.58726905827 -0.994239689271 5.35133150893 
644.0 1.12025066882 3.65751319638 1.96291852896 
648.0 -1.54655596594 4.51820452954 0.222896612028 
654.0 -2.65974390263 0.349485453466 -2.2506317242 
661.0 -0.944669413556 -4.90265583333 -3.41532024716 
668.0 -0.505178414074 -0.0578292906934 -0.61594391937 
674.0 -0.501288657571 4.31915368151 1.88887730169 
680.0 1.61994456933 0.224034919245 2.0108553655 
687.0 3.51505252061 -5.13304978677 2.66354900756 
693.0 1.43676279983 -1.58233150938 5.24105837679 
700.0 -0.365357816606 1.85028340761 7.26620584668 
716.0 0.216976735955 -1.89898688461 -1.29550307079 
730.0 -4.73055605677 6.27523438894 2.43048167042 
747.0 1.07995564776 2.83217239152 0.581792990053 
755.0 -0.264543812094 1.99248318844 7.3982522612 
763.0 0.389150629216 -1.04467910071 0.0057606068092 
768.0 0.0272861909709 -0.94880632069 -4.40157647341 
774.0 0.148090338455 0.952192712719 -0.677131815482 
785.0 1.82221215725 -3.85874719685 4.64203745422 
794.0 -1.97695450406 -1.41816909957 3.53663309516 
799.0 -1.35096946932 0.648595452884 4.50784842346 
804.0 1.04522397867 -0.938139918693 3.92118278214 
812.0 1.27631804231 -4.02141632559 2.59410825695 
830.0 0.744110078471 0.171476028667 0.403846634001 
839.0 -2.68250472368 3.33276156949 0.14633907279 
845.0 -3.37245845192 -0.13770356996 0.705248274932 
849.0 -2.93355082192 -2.01274328966 0.682577262936 
856.0 -0.888961772698 0.29706649529 1.06321359533 
864.0 0.919191623673 3.25663924116 0.310995073342 
866.0 0.412952355545 3.28851269619 -0.285809548948 
875.0 -4.12714652666 3.39077367192 -0.68841051063 
883.0 -0.135646685756 -0.0250956928152 1.80642319516 
889.0 3.47095702245 -1.67358865542 -0.23319074371 
892.0 2.91263326532 -0.0950351948662 -2.1714067078 
900.0 -2.62558000515 4.97530710514 -3.44442291877 
910.0 -3.26806321304 -1.3432119435 -0.148621058275 
911.0 -3.09943004789 -1.69632647491 -0.333482935249 
914.0 -2.72441947945 -1.67771139176 -1.4171041228 
920.0 -2.52047950144 0.343552553279 -3.07541094993 
927.0 -2.47209816682 -0.822024982377 -0.205782658399 
931.0 -2.42279262909 -0.986925454325 1.32661927584 
935.0 -1.96795963015 1.23290665939 0.927446004698 
941.0 0.0928153338508 4.54325886375 -0.705122328037 
947.0 1.94761742418 1.10986149777 1.58465738239 
953.0 0.957937968906 -2.4327952456 4.18401515334 
958.0 -1.03720718817 0.960682546255 1.78229408204 
966.0 -3.07312888193 7.09328758756 -2.4419287012 
979.0 1.10723231188 -0.947773293613 2.38312366931 
988.0 5.34463859409 2.32744473789 -1.91497177104 
992.0 2.13558803957 5.11142548234 -1.32620536914 
999.0 -3.89797903261 6.85912349935 1.08477734615 
1007.0 -0.309672076114 1.18948015744 3.11601941154 
1013.0 0.937199196068 -0.957917364648 4.77246889289 
1019.0 -2.88410578126 0.347839643229 1.60635512421 
1027.0 -4.91059624502 -2.3811655217 -4.03981703038 
1033.0 -4.02398249438 -1.98601436514 0.908664715543 
1041.0 -3.40882340484 5.52000170623 5.84498650996 
1048.0 0.934957212317 1.34013969807 -0.419387238383 
1055.0 5.62570413654 -4.26220995592 -2.92581243123 
1068.0 0.425411679665 -0.338903756793 1.62168425588 
1075.0 -3.33018926571 -4.29384933726 1.88190186899 
1081.0 -1.00934019124 0.358384044668 -1.84639706229 
1088.0 3.90290281951 4.44263881743 -5.87097902582 
1099.0 3.00169234564 0.440739036681 0.0312060412421 
1108.0 3.52370679085 7.21949813652 -0.286143347602 
1116.0 -0.553265912489 1.91214536928 4.08518827419 
1118.0 -1.44735822416 0.119722816498 4.5239682031 
1124.0 -0.619633645215 -1.5479192472 0.0408515723478 
1130.0 1.79469543042 0.256308873366 -4.94514965223 
1136.0 0.221406128721 0.920002974404 0.742853345937 
1142.0 -0.64120123915 1.01061940058 7.03837545678 
1149.0 2.34509001801 1.44228101149 0.463612892055 
1155.0 0.0415870155818 1.54052145108 -4.4370623374 
1158.0 -2.63875234665 1.68586871289 -3.311263303 
1161.0 -4.32847703517 1.85707420266 -1.14202090184 
1168.0 -0.0139389899044 1.50159869605 -0.136906324259 
1175.0 5.39802026296 1.73718577882 -1.56079293181 
1179.0 4.14704995743 3.23178376245 0.939928535353 
1184.0 1.58973935211 4.25932339786 4.27469607396 
1191.0 2.48880049129 -0.304481318055 0.919291551166 
1197.0 2.89492507179 -3.82940072924 -3.89992838683 
1205.0 -0.740242618618 1.2951249181 -2.10371482931 
1209.0 -2.00330204348 2.92888049208 -0.491390320891 
1213.0 -2.92572172581 1.11432117529 0.233803679989 
1222.0 -3.77793801497 -4.84179259388 2.11721254454 
1238.0 -0.287481516895 -0.59533215733 0.908220036329 
1257.0 3.90943761707 4.39223620843 -3.71349509505 
1267.0 2.41613654802 -0.167418019504 -2.50827973392 
1274.0 3.61048883787 -3.65238378069 -1.48605452662 
1280.0 1.21598192075 -1.97868183504 2.60287992011 
1287.0 -2.81060391769 2.42719721759 4.94417154273 
1295.0 -1.8664013062 0.618637165965 -1.33966764212 
1300.0 -1.54811759335 -1.81562495563 -2.97581771259 
1305.0 -0.664047856404 -1.8113820696 0.619912422311 
1314.0 5.75964633094 0.555103905389 6.88826596079 
1322.0 0.575611692661 2.3613186187 0.468626625207 
1330.0 -7.48815194077 4.92213393426 -2.21788194312 
1347.0 0.149854654514 1.14507533327 -0.10791884643 
1354.0 -0.454777245359 -1.53908725862 -5.81283077016 
1363.0 -0.793807274556 -2.8490173723 1.50410943406 
1366.0 -1.55186497875 -0.974297990071 2.88971769421 
1371.0 -1.70488056424 2.37028785594 0.96675426631 
1373.0 -1.03353954335 2.89782627101 -0.34296092209 
1378.0 1.78860767787 1.35832653394 -0.990657957392 
1388.0 2.76654177156 -1.88324334984 7.06964833718 
1398.0 1.18885740145 -0.350327490493 0.653528478681 
1407.0 3.96603937092 -3.53109368269 -0.951366715204 
1417.0 0.340718791481 0.390482302612 0.303654405906 
1430.0 -3.34052015787 -0.717248909943 7.00984971339 
1441.0 1.33899914575 -0.863996495255 0.84573020172 
1450.0 1.50219395787 -3.19006404745 0.100916561316 
1457.0 1.05185094932 -0.480033994277 -1.13469063613 
1464.0 -1.76131210221 1.87492575365 -1.96993900678 
1467.0 -2.61557288118 1.47443914163 -0.178815140542 
1474.0 -2.00929433035 0.343633176426 4.34703949551 
1480.0 -2.64711376335 1.73434584232 0.917991890558 
1487.0 -5.31262780336 1.94098307013 -5.27921109208 
1495.0 0.431388596756 -1.17257582897 -0.0846310564731 
1502.0 4.11829428379 -0.789182520306 5.04297011936 
1508.0 -1.4180066639 0.168963890332 3.8094040468 
1514.0 -4.89524623441 -1.27242444993 2.45467071889 
1520.0 -0.990270370352 -3.37459441267 2.67515644852 
1525.0 1.86884442735 -4.0674797655 1.90438321026 
1538.0 2.43420225043 -2.14805939025 -0.823321693761 
1543.0 3.72529652024 0.510902313935 -0.192913609466 
1547.0 1.73324983369 2.77827963305 -0.0811142909439 
1556.0 -6.2615676198 4.09928435241 -1.46873267416 
1565.0 0.251639568176 1.57363618871 -0.113704266289 
1572.0 3.83984285723 -0.0199443150987 2.15381920628 
1578.0 2.07104990341 -2.4309877496 0.906024414416 
1587.0 0.399989007023 -6.50327698212 -2.43966506621 
1597.0 1.48333251134 -0.0800442881265 0.897724240553 
1606.0 2.00801560122 5.28609978596 -2.55529021699 
1620.0 -0.567813831816 -1.86795402066 0.643627846142 
1630.0 2.43663768032 -1.09339385487 -2.45375973408 
1639.0 0.643703941005 -0.128349669753 -1.15435790522 
1647.0 4.34722619887 1.94255837037 -0.651628249034 
1654.0 -0.299686278631 0.181868686452 -0.745116375636 
1661.0 -2.89941623892 -0.650005889604 3.7406764152 
1664.0 0.00945676880551 0.488835427711 4.47477807703 
1672.0 6.77072057448 2.86735925133 -1.03301867312 
1681.0 -0.968162778266 0.294486666884 -1.01379969966 
1694.0 3.46915263686 4.07141428466 -0.829124654784 
1702.0 -0.382092633861 1.54778457236 0.385421810066 
1711.0 -0.279969690747 2.65114602034 6.39167031645 
1719.0 0.561576677862 2.96775796356 -0.949184066413 
1733.0 8.59130763907 2.69942874012 2.62634394722 
1742.0 -1.70046049687 1.97572010465 -0.17943037322 
1766.0 -7.20541505244 6.92058769755 0.432966329636 
1775.0 0.204578134655 -1.58567193422 4.16363099626 
1780.0 5.27261209744 0.0224687649728 1.57123498827 
1784.0 3.59424389398 2.90737148975 -1.95949313384 
1789.0 -1.56130888111 3.56110420343 -3.94386473825 
1799.0 -2.6274268176 -0.194476661814 1.16743569199 
1809.0 -4.93169581416 2.67113161319 0.10271150577 
1817.0 -0.472611395031 0.267620033748 1.77899381803 
1823.0 3.19904930403 0.298766705561 2.48771149109 
1833.0 -0.706538340823 0.369998368628 -0.535206262639 
1844.0 2.55201530552 -4.21452718466 1.11660744446 
1850.0 0.104662682278 -3.96260823063 0.42486494845 
1858.0 -2.39029143873 -4.63024707536 -1.1420814393 
1865.0 1.68385484678 -2.88110029799 -3.18173106848 
1866.0 2.08222898411 -2.23279269581 -3.45814062105 
1874.0 -0.500010140257 3.08934807811 -1.97176783272 
1886.0 -1.55713224558 0.756049572768 7.26122293093 
1897.0 -1.13350329749 1.94193721545 0.866445739663 
1901.0 -1.41410050196 2.17267180079 -1.22759616018 
1907.0 1.10448909769 0.59229962732 -0.624651618638 
1919.0 -0.938780431637 -2.54622541901 3.77935235769 
1925.0 -1.32202752748 -4.08263858117 0.0207063494457 
1934.0 6.09339475949 -2.68715731485 -2.26829218904 
1944.0 -0.41448674413 0.989636192162 0.448509090546 
1953.0 -2.606492677 1.99716769344 -3.80961858983 
1954.0 -2.0215111124 2.52395287322 -3.83955041593 
1960.0 1.26497650229 5.47519479644 -1.38816786483 
1968.0 0.0460469394142 -0.342566052833 0.14864147902 
1974.0 -1.14605486909 -5.49402873235 -1.79040508902 
1981.0 1.24806488094 0.318340218193 -0.730676072142 
1987.0 3.01755937775 4.3013050248 1.18627755341 
1993.0 1.5519593487 -0.944445173111 0.792350022716 
