2.0 -0.0622830406021 0.121334193583 -0.139709409557 
10.0 6.83341373042 -2.00735094892 0.603838840945 
13.0 0.468251695504 -2.37417184729 1.7746891445 
16.0 -5.58187581819 -0.680757906596 2.22103921617 
19.0 -1.56601701208 1.09417380558 -0.886259543712 
22.0 2.60636209775 -0.0468742309708 -3.75215345372 
26.0 -2.25263466307 -0.711137583547 -0.809055723272 
29.0 -3.18333095859 1.63941193611 2.26994577173 
32.0 0.678222109304 0.846515833193 0.429046550558 
37.0 4.85075952851 -2.49984817134 -6.11637813666 
43.0 -0.325202422059 1.74840407544 1.39286460721 
47.0 -4.60944238037 -0.351980263486 3.92233651288 
51.0 0.59363797171 -0.551890817548 2.40046281638 
56.0 3.1638735711 -5.14497124861 -1.33134572182 
60.0 -1.08474651724 -0.76295863688 0.132579282179 
69.0 -2.73324602329 -8.03339006345 -0.283392475917 
74.0 -0.528112489149 0.333806723951 -3.80932209299 
79.0 5.11204681432 -0.652746591537 0.874561217712 
84.0 1.62704366059 1.32724561108 1.19590204435 
86.0 1.94967417083 2.08833375989 -0.0272208510971 
89.0 1.14691950369 1.13923720832 1.2874508236 
93.0 -1.81191670938 0.883449170503 3.91154542337 
95.0 0.565490295009 1.30172494866 1.90100373244 
99.0 6.23857218307 0.599951706367 -3.21690612325 
102.0 0.49164061835 0.81051328076 -2.5153218569 
105.0 -5.04345688483 2.30922320037 -1.43784975378 
109.0 0.977125523169 1.11018410007 -2.32213235323 
111.0 3.13348292815 -0.726174196835 -2.07199382124 
116.0 0.25748302525 0.153305542684 -0.206285252319 
122.0 6.44524009622 1.11711382992 3.36559619769 
129.0 2.06213299171 -0.564155950985 -0.2154456787 
133.0 1.84476767333 0.981318804125 2.92530707203 
136.0 -0.637257818565 -1.86544384641 0.452536583849 
140.0 -2.27863965674 -2.67664719677 -5.47714414132 
144.0 -4.05042283124 0.0194787864866 -0.791871989188 
147.0 -4.3364079761 -0.341706030576 2.45279234933 
153.0 -2.09552511651 0.479948175975 -0.145337308303 
154.0 -2.08778086252 0.735434178632 -0.193229535342 
157.0 -1.30108280696 -0.683700082265 0.181309297459 
162.0 -0.25419797545 -5.46316402131 1.2471186851 
171.0 1.88997132721 0.778816403203 0.387424225664 
176.0 -0.679891785507 -2.77951000182 -3.47582577699 
183.0 1.3037021553 0.986471546851 1.53981243111 
186.0 1.20323493682 -4.0465501662 3.0802310538 
189.0 1.77061821886 -0.94508439594 1.03049827027 
193.0 2.53109820468 6.25444685895 2.18561476221 
196.0 -0.186005714079 1.31748432324 4.92165359384 
199.0 -2.83935655386 -3.25640823134 3.89956335715 
205.0 -0.6832071307 0.833413582872 1.95391743622 
210.0 0.0622783079767 -3.54279817177 3.48171249559 
212.0 -0.556241493692 -1.51040901134 3.82335254488 
216.0 -2.17653349762 1.4675938794 4.73056737921 
219.0 -1.39037917576 -2.59107275611 3.36508986811 
223.0 2.3911719688 -5.9281549594 1.18477240245 
229.0 -1.16408558561 -0.639530303575 -0.179246045908 
235.0 2.01738287068 6.51771176917 -2.8262876192 
241.0 0.868631003026 -0.303870195405 -0.638358872781 
245.0 -5.12698824416 1.20069754327 -2.93739183276 
249.0 -2.08401428434 -0.942584942082 -1.3422268825 
254.0 -1.82232430558 -3.78879972048 -5.2291517433 
258.0 1.98736043682 2.90937223373 -4.7195957452 
260.0 4.25105104202 4.2975962622 -1.72823553762 
264.0 1.22286607076 -0.651943686252 -0.416347185995 
268.0 -3.78845612953 -4.27736169409 -3.84933460937 
273.0 -0.395738813589 -1.42819212297 -2.36659191494 
277.0 2.75662740678 -0.446444363516 -3.61599284042 
280.0 0.811753517271 0.928333798408 -0.186247575929 
284.0 -4.18587749608 1.59319885609 7.15737506355 
288.0 0.40978912217 1.29554293903 0.501853404461 
292.0 3.91587288053 3.8936596079 -5.43522407031 
296.0 -2.58371603245 2.47009325169 -0.76081683747 
298.0 -4.08870826376 0.707499300971 -0.218358311383 
304.0 0.582547230537 2.08992419066 -1.09400488202 
308.0 0.571790866768 1.8918771091 2.90256606708 
311.0 -1.21723334576 1.15726674709 1.09287313736 
314.0 -2.45055921588 0.367754393743 -1.93091409258 
317.0 0.535304576824 -1.40835169342 -1.38011016244 
321.0 6.62404516807 -1.571315578 1.05780124432 
326.0 1.42876135458 1.76340553374 -2.04040515132 
328.0 -0.293857238332 1.9724915682 -2.85298652153 
331.0 1.03133779429 0.645039323606 -1.03218679317 
338.0 -0.390638855054 -6.29840609179 0.511813639267 
342.0 -1.58870701145 -1.62246243744 1.14404096685 
347.0 0.836010562448 -0.668803461836 7.51155232721 
350.0 -0.55824390805 -2.10117418628 1.67567340316 
359.0 -1.68372498989 -9.04673422909 3.77497209292 
364.0 1.9801720364 -0.0968285461829 -3.44877928926 
370.0 -6.8016525198 2.09519082616 -0.859076536795 
373.0 -5.57835287641 2.98483095155 -1.97628285816 
375.0 -3.60104077406 4.83301254942 -3.22029675914 
379.0 -1.81234356048 1.34009444065 1.77781304235 
383.0 -3.63747034544 -1.65897779513 6.22258710197 
389.0 0.602602414638 -0.0533360598923 0.251495924717 
394.0 2.6567406059 -7.38188149169 -0.695513968508 
398.0 2.33972896101 -4.65914128016 1.99318712631 
400.0 2.56658569479 -3.79326920489 3.54649822255 
404.0 0.369870575444 0.400762689516 1.76565858281 
408.0 -2.79543626889 5.46782146692 -0.560241637112 
412.0 -3.03552793942 -0.418958435463 0.417463858758 
414.0 -2.40090943224 -2.42261836464 -0.456466107765 
418.0 0.148672181865 0.529262538554 -0.437242478192 
424.0 -2.93184997327 -1.24029801788 6.1229733437 
431.0 -0.925424422952 -1.2851657271 -0.371440438886 
434.0 0.651949098802 -4.4071837109 1.58931804774 
437.0 0.656690374183 -0.550566529849 2.01062891762 
444.0 -3.58564351867 4.75387253035 -5.12453625628 
451.0 0.922120482381 0.704157815804 0.733753937516 
456.0 -2.05587674413 -4.3440419334 0.23072399723 
459.0 -0.345734304418 -2.53183051818 -2.73763721971 
461.0 1.51734483172 -1.51625665637 -3.4691988623 
465.0 0.0413812517947 -2.90961827705 -0.43900191416 
470.0 -0.235818965476 1.48247559142 4.49239576516 
474.0 -0.858530117519 0.704922955025 0.914388710083 
477.0 -2.81079853805 -0.898219758295 -0.784092305549 
480.0 -1.68948920904 1.27236633335 0.735355379023 
481.0 -1.16688377638 1.86593201593 0.929247643001 
483.0 -1.10898924609 1.38393113891 -0.255616152802 
487.0 -2.12798514584 -2.43780036172 -3.53212834044 
490.0 1.05123651489 -1.37340364054 0.321051192263 
493.0 1.59239848792 -1.17673913827 3.49617631585 
494.0 0.107519533312 -2.13709146044 2.92398257825 
498.0 -6.08709668997 -5.36580116228 -2.33242617098 
502.0 0.814987533441 -2.51916908748 0.633287585825 
508.0 2.93777382766 -7.2018725528 -1.61367273893 
513.0 -1.71690738357 -2.46966683919 1.30424000676 
517.0 -4.00494134572 -2.71850407562 1.28259371068 
521.0 -1.37941756151 -0.179294415588 0.256592061819 
525.0 0.599335548946 2.19100745308 3.8641021331 
530.0 -2.1258360569 0.853008972805 0.168867356034 
534.0 0.544819448649 4.65152872431 -1.3279547011 
538.0 2.75217363872 -0.608356074012 -1.29251747762 
540.0 2.68141785022 -3.24633959821 -0.380326780533 
543.0 1.32350386061 -1.80083783956 3.00086103811 
545.0 0.472141766632 0.571172269283 4.48655557984 
549.0 2.44586557563 0.617326301135 0.443904714727 
552.0 3.94084872668 -1.1450666494 -2.95561379469 
555.0 0.956518345886 -2.04439943487 -0.770889689036 
559.0 -0.975044130322 -3.56070349623 3.22615832864 
562.0 2.69520351096 -3.00376891567 0.75431044198 
565.0 3.63365534118 -0.513389616164 -3.14546164057 
569.0 0.912846127237 2.94896433356 -2.78060333533 
577.0 -4.48135675839 2.64188776395 -3.93959331573 
581.0 -0.163051906913 -1.16637173928 0.0528405838409 
585.0 4.93460234902 -3.64335382061 1.76314073985 
595.0 -1.6938812623 1.55768613501 0.998451294174 
600.0 -5.35280388531 -3.11684159384 0.602220869608 
603.0 -2.64353880725 1.40217339732 3.03178036644 
605.0 0.168956127242 3.45542934833 4.47484803717 
610.0 1.01453583574 -0.872599901003 -0.145910531523 
616.0 0.768096266409 5.24703924765 0.133956297843 
619.0 -0.08532386387 0.46250236369 0.435220090809 
623.0 -1.31492070257 -4.66377198843 1.12087509718 
628.0 -1.15990503099 0.247047362569 -0.785710482218 
632.0 -0.146845368703 1.15526038311 -5.09582738296 
636.0 -2.71509749523 2.35953037726 -0.467709511945 
639.0 -4.31081236424 0.026128199688 3.07603877033 
643.0 -1.82805225532 0.898955892057 0.746343039634 
647.0 -2.69903720508 5.55507759927 -2.38549003507 
651.0 -1.36867166651 -2.207192696 -1.68693100413 
654.0 3.70804926159 -3.57013004867 -0.242059776736 
656.0 4.30423614317 1.04115397077 0.207395414001 
660.0 -3.11833747942 6.64575621856 0.00541276923445 
666.0 0.152321012084 -0.637900779777 1.73466782582 
669.0 3.07623579697 1.37287049661 1.11917022284 
673.0 -0.323986836622 -0.134310632871 -0.910873891937 
676.0 -1.61072170881 -1.99552135332 -0.997755883646 
680.0 0.323984279393 -0.200244615657 -0.497787599536 
688.0 0.176819550026 -0.956151185986 -2.63450299585 
693.0 0.605477653528 -1.20062138381 -0.811092543139 
696.0 0.711858044118 -2.00625684313 0.187546893932 
700.0 0.454343033974 -1.36844512202 -0.631539157432 
706.0 -3.02584871101 -2.58675830614 -1.1214742385 
710.0 -1.70601938682 1.01802734603 1.58177454012 
712.0 0.189827195826 2.77082711305 1.66510729497 
715.0 1.60521108653 1.6536385315 -1.40989604506 
718.0 1.35458494754 -1.23007787387 -3.76856156573 
721.0 1.46241937768 -0.710575775006 -0.497138789112 
724.0 0.808576825117 1.11003071613 3.08627601542 
727.0 -1.20616678527 -0.503683239181 0.214334949716 
730.0 -1.05011421876 -2.85732211181 -3.41610168122 
733.0 1.62375613378 -1.24037628274 -0.672551056032 
736.0 2.18340541762 1.31299592475 2.55300625291 
739.0 0.483260589897 0.0362449713954 0.203023177416 
743.0 0.969234559043 -2.67144186025 -1.93740631822 
748.0 -0.237367534521 -1.03713801092 -0.896158189018 
751.0 -2.09759267242 -1.51442641722 -1.30369638995 
753.0 -2.21342354805 -1.46255520851 0.694832631698 
757.0 -2.66049685173 1.52285981592 4.48926625902 
764.0 -0.550771935865 -0.984150435681 -0.400489494579 
768.0 1.33461134071 -0.429112108657 4.48166621292 
775.0 -1.16485235691 -0.77840534938 0.536420244911 
784.0 -5.00957154769 4.78375946694 1.98665973751 
792.0 -0.815105744211 -0.509394119089 1.14183491916 
800.0 0.993429732312 -1.37862141371 2.17517853443 
803.0 0.269791840613 -0.750870539408 1.88179975588 
806.0 -1.66666315329 -0.503605389091 2.17993771876 
809.0 0.837967265022 -1.52767952488 0.443513780063 
813.0 5.85607823175 -0.6064531545 -2.29375591907 
817.0 0.0981253240218 -1.0912211339 1.52189797658 
822.0 -3.38305918287 -5.8815503444 -1.76090127431 
825.0 -2.98440098571 -0.345070410013 -4.54075747156 
829.0 -5.46576889206 8.2471091047 -1.23668243914 
834.0 0.00486996513858 1.88728650335 2.54608742353 
838.0 2.64979495376 -3.01605429846 5.18735083604 
842.0 0.782361763703 -0.156252260907 1.08981442082 
849.0 2.2703019924 3.04782405763 5.55127308316 
853.0 2.68366762532 -4.15911840171 1.03644409162 
854.0 1.97690177906 -4.72764571854 -0.891414329505 
858.0 -2.38407767071 0.30753973888 -0.13178034523 
861.0 -1.62866053066 3.07521578044 3.63011142779 
864.0 2.14862122692 -0.342825409913 0.902402045593 
867.0 2.30575235487 -3.64895518407 -1.37921468845 
873.0 -0.0851811976988 1.84132644923 0.570304629016 
877.0 2.53662899072 2.83361124096 -5.55493451171 
882.0 -0.853804768319 0.0255854681258 0.0139591868739 
884.0 -0.962013469311 -0.557839470946 1.02631737942 
886.0 0.118787265941 -0.0138456196721 0.34589613943 
893.0 -2.8163313439 3.04107249478 1.7631108843 
895.0 -4.27581106962 0.720825294539 -0.400020805624 
897.0 -3.38798945584 -1.81197126579 -2.55924377571 
900.0 1.79409752818 -2.47681500162 -1.343297487 
903.0 5.30327205227 0.354090764897 1.26971138026 
910.0 -0.93087920101 -0.625856459901 -0.478735979392 
915.0 1.24458043935 2.79392352683 7.4052557974 
919.0 -2.11717675906 3.06463171715 -1.40145989497 
922.0 -2.43303666642 -0.385026218469 -5.41468689421 
927.0 -2.76622201764 -1.02477419684 -1.35779580956 
930.0 -3.93655041076 -0.676240440105 -0.21851737309 
934.0 -1.28014929067 -2.43099850974 -0.722623016288 
940.0 -3.97467122235 -2.27043267106 -0.114129865101 
947.0 -0.179689598944 0.0884221313414 1.03593966113 
955.0 -1.72128248495 -8.85738940976 -3.6344336839 
961.0 2.96054150193 0.0102133619383 0.101295929548 
968.0 3.3825873961 -3.20627336928 -2.70401588497 
974.0 -1.18645149764 -2.83032134979 -2.59523195542 
979.0 -0.559716255024 -4.87227316848 -5.07647761461 
981.0 -4.45790970547 -3.44179530507 -3.80034576376 
983.0 -6.9401036768 -1.64958509277 -0.972862314097 
987.0 -2.47301984133 -2.79556617059 -0.236687033385 
991.0 -2.48545473281 -4.88982254059 -3.31283523348 
999.0 1.96617968582 -1.59690703359 1.2619881459 
1001.0 2.13812627338 -2.77193749283 -1.6241125507 
1003.0 -0.806698494502 -2.61474592164 -2.11280643953 
1007.0 -4.9648544848 0.585813538923 2.02821624303 
1011.0 -2.46691357899 -0.942500730824 -0.134452565813 
1018.0 -4.44195911412 0.925332316319 2.03380413668 
1022.0 -1.03423872847 -0.304208216041 -0.733050617961 
1026.0 3.47249691792 -2.66291317567 -1.67683636422 
1030.0 1.93043194986 1.6703393268 2.30005815663 
1035.0 -4.36837845785 -0.761347187426 3.62781477507 
1038.0 -1.55328996362 -2.29979247617 -0.243864299729 
1043.0 1.74717555386 -4.18429945486 -6.5704170949 
1050.0 4.16572143129 -0.590541168206 0.912194317486 
1055.0 2.45962531315 -1.77236845818 -8.35411302236 
1059.0 1.17679067826 0.234936013228 -1.7522323373 
1062.0 0.977009185688 4.22439019877 0.136755334068 
1064.0 -1.74324551916 2.2278355542 -2.08735100349 
1068.0 -7.20910649031 -3.87044226727 -0.620212559889 
1071.0 -3.49381570314 1.72239675439 4.84059151442 
1073.0 0.195117610876 5.1833391004 4.52858068708 
1076.0 0.924910404733 0.800703599538 -0.785921222837 
1080.0 -3.06451659763 -6.07481358729 -1.37807147677 
1083.0 -2.54322664512 -0.657003872426 -0.65255548711 
1088.0 -0.691169646803 -1.40949291621 -6.62018126698 
1092.0 2.52225571413 -2.08035021004 0.707358550237 
1095.0 4.57768939769 3.28473253754 2.8137754018 
1098.0 1.73920473697 4.58511513203 -2.6304820592 
1100.0 -1.34812906164 2.76257970541 -4.76109608502 
1104.0 -2.28791404545 -1.72406149757 0.102851504862 
1107.0 0.385599931697 -3.49772030624 1.43179002222 
1109.0 1.15328950992 -2.91936347457 -1.08326397826 
1118.0 -1.59444234906 -8.559399992 -3.08737648095 
1122.0 -0.676768188618 -0.517532982666 -0.49578523344 
1125.0 1.06242858082 5.77226976848 -1.69866225001 
1128.0 1.94042324618 0.674577188355 -3.34495507077 
1130.0 1.57721934373 -3.40392596282 -2.53612137822 
1133.0 1.00590176488 -1.18386389991 0.225913105298 
1137.0 2.95818578893 4.0463534884 -0.625543126212 
1142.0 2.44150456094 -1.57880649364 1.83999232291 
1145.0 -0.502182374938 -0.211714709566 5.25875273959 
1149.0 0.878087681214 -0.254940956136 -0.0174310416048 
1153.0 3.11802183384 0.314331754552 -5.00468099286 
1160.0 1.51942813487 1.90409964237 -0.911144559525 
1164.0 6.0210075904 -0.847314576019 0.882548611818 
1168.0 0.475396017209 -0.915827855234 -2.71684785791 
1171.0 -3.47697105611 -1.67045283466 -3.70670122295 
1174.0 -2.29119802259 -2.41510457563 0.526786722909 
1177.0 -0.386136421797 -2.50985229413 3.18700060939 
1181.0 -0.702452343478 0.06925496152 -0.659635754598 
1183.0 -1.0158597322 1.21335126156 -1.66042090208 
1185.0 -1.14914015336 0.285545792027 -0.719247611512 
1190.0 0.592694475457 -4.2504901637 2.98683533571 
1192.0 2.25400384103 -1.4407174654 3.56941099594 
1195.0 2.94826071566 3.48993816433 3.49594718813 
1200.0 0.21987530856 -0.47452543515 0.832694947599 
1205.0 3.43859866607 2.92652592501 1.6929298403 
1208.0 1.52434372872 0.262385967049 -0.541086905817 
1212.0 -0.126456864348 -4.79657731086 -5.8798172166 
1215.0 3.21155783063 -0.158144655336 -6.11855920461 
1216.0 3.83367028275 1.5229012713 -5.65220170793 
1220.0 -1.13076634602 1.16369324203 -3.56970487905 
1223.0 -5.60942658483 -0.796180758048 -1.27145852138 
1227.0 -1.1942523592 0.279651012757 -0.419718939122 
1231.0 1.82267417984 0.176397964459 -4.16364882201 
1233.0 -0.0775695242483 2.07471431632 -3.82436164593 
1236.0 -2.12536249819 5.2266715768 -0.114201490169 
1240.0 2.44993613828 1.89259809393 0.34722306372 
1243.0 5.03184300544 1.08684803515 -2.30029745568 
1248.0 -1.18673171522 1.05851183442 0.783837230395 
1253.0 -2.50282646193 -7.49291528499 -0.272834869014 
1256.0 -3.53800989156 -2.92635032314 -3.7996883276 
1259.0 -5.19320724749 0.035017621157 -4.66043883338 
1266.0 -0.602442793463 -0.138370786677 0.695933171819 
1270.0 -3.56278291296 0.551690707578 1.77811598071 
1272.0 -2.10165485482 -1.41278508877 2.60946614417 
1275.0 1.8638999779 -2.12122547088 2.86844411052 
1278.0 -0.40708172172 -0.581357607623 0.722473889755 
1282.0 -5.31717954705 -1.30563361725 1.23200401827 
1284.0 -2.54402032644 -1.61627365241 3.67474476046 
1286.0 1.19608905612 -1.56643935851 4.69074924915 
1289.0 0.631068375691 -2.37698812561 1.29543569398 
1297.0 -0.453920000855 6.34103111004 6.37848645598 
1301.0 2.18640466576 -0.387482311042 0.549985421628 
1304.0 1.06977335549 -5.90544635121 -4.25785926863 
1309.0 0.643800405969 0.505791768744 0.667826429616 
1315.0 -4.57884903868 1.69556230273 1.16785061058 
1319.0 -2.25207433988 2.10207379773 -0.713016275278 
1324.0 -2.42559983627 -1.07045941511 -6.08788624318 
1328.0 0.2637937581 0.147848188638 -0.247644283294 
1338.0 4.61900799327 -3.59581954205 -3.2603697809 
1342.0 -1.47674826053 -2.8152116386 -2.27210735117 
1345.0 -5.37031083912 0.853514765948 -1.64773098854 
1348.0 -0.612316975738 3.61426504417 -1.41916772482 
1352.0 5.78960154766 -0.378795140178 0.298173566091 
1356.0 0.256720026773 -0.390916810235 2.81863821996 
1357.0 -0.84635060229 0.478872130186 2.69772180202 
1360.0 0.0911851124587 0.471729135572 -0.366505992986 
1364.0 2.42821363308 -3.38450606703 -3.87783412548 
1367.0 -1.12713807187 -1.72208040201 -1.62587896442 
1372.0 -3.12689349298 -2.80243761252 0.0599571603997 
1375.0 -0.269558613423 -2.75571313014 1.80950607732 
1380.0 1.46999049627 5.37603495545 7.7732793588 
1384.0 0.722809034613 -0.872843447508 1.05912202844 
1386.0 -0.20440502511 -2.98082933293 -1.56617206311 
1389.0 -1.97499243746 0.571841875368 0.0363823989678 
1392.0 -2.96579177748 3.72440939387 1.31771316128 
1395.0 -2.26076367781 0.779994167629 -2.43664384917 
1397.0 -0.881815628567 -0.989921092958 -4.15069359588 
1400.0 1.4880987893 0.824788657314 -1.62592493386 
1403.0 1.83872632642 3.23886342979 1.07712979155 
1406.0 -0.495790128128 1.4055388823 -0.980134560021 
1408.0 -1.72166501813 -0.365411069179 -2.01705204758 
1411.0 -0.434255612302 -0.572199002891 0.365100536682 
1414.0 2.26171458485 -0.0807159341052 2.04220865044 
1416.0 2.18154395578 -1.24455703326 0.275686565007 
1420.0 -2.33105674605 -3.36496312731 -2.26023938419 
1422.0 -4.09419117641 -1.7833748936 -0.536590132128 
1425.0 -4.53683015642 1.17612217796 1.31832987052 
1428.0 -3.5637726282 -0.983181067519 0.0155098598197 
1432.0 -1.25344538917 -5.70420767615 1.40123063545 
1436.0 -0.418508719727 0.393234403306 1.79077149113 
1439.0 -0.922438848588 2.96022639743 -1.02760074775 
1441.0 -0.57063837183 0.648766905167 -0.53511814229 
1445.0 -0.231106589928 -4.06581888825 3.6143319304 
1448.0 -2.34639345656 -2.10671095549 0.420270958086 
1451.0 -1.90149237769 1.09915571218 -3.42768306068 
1453.0 0.946427932434 2.60600091568 -2.1447073395 
1456.0 4.00024981733 3.51770217791 1.7252541862 
1460.0 -0.0666530114119 0.472016212389 -0.917500215337 
1463.0 -1.33525093646 -2.09061456558 -2.28897726871 
1465.0 0.300138443954 -2.04510924882 -0.324827540146 
1468.0 1.75995535359 -1.43243905969 2.3466240463 
1473.0 -0.615566289104 -0.974621996557 1.92627549454 
1478.0 1.06360479874 7.10158033646 1.44435687409 
1481.0 1.19130550398 3.62684883835 -3.94862473427 
1484.0 1.50565616767 -2.16933560736 -7.17441040816 
1488.0 -0.345905773044 1.27490462894 -2.8037254182 
1491.0 -3.25404886001 3.52744680629 0.845898848336 
1497.0 -2.67557885982 -1.40338975674 1.22199748823 
1501.0 -4.74402487586 0.931887946368 -0.414200578623 
1504.0 -1.47268740606 2.3570154074 -0.544766749167 
1508.0 4.81899140375 4.49677991514 0.0667423326704 
1512.0 0.225399237869 0.563111616399 -0.227199350552 
1516.0 -3.05074903805 -3.91816768853 -1.82040646269 
1519.0 -3.967243369 -1.88997412482 -1.93827025292 
1523.0 -5.1776768279 -0.802945856174 3.07658235747 
1527.0 1.32893922353 0.246351389646 2.84545987042 
1531.0 3.79289362292 2.26554210097 -3.08120642914 
1535.0 0.786844526913 -0.975584634324 0.760059200565 
1537.0 0.529228831501 -1.23858158044 2.36810361947 
1540.0 0.0338634304799 0.361919179963 -0.103701718283 
1547.0 0.194537259108 -4.39686526112 -2.30165591765 
1556.0 -0.636953701277 -0.599859450958 1.10869776385 
1561.0 3.48786203766 1.89559195529 -0.672221851301 
1567.0 0.245650079537 -0.488160766507 0.699221477684 
1572.0 3.31391298523 -1.89219998297 -8.45089561981 
1576.0 2.31120207431 -2.12380247443 2.08578471566 
1578.0 0.880032481561 -1.64332529778 6.73441043901 
1583.0 -1.28352934861 0.756855957145 -0.829970077714 
1584.0 -0.501306020614 0.887132061927 -1.60755288524 
1585.0 0.643730121121 0.867935974651 -1.32075326429 
1589.0 3.17670053276 1.01245958643 2.3337287893 
1591.0 1.00230970935 1.98519401334 0.932101158262 
1594.0 -1.77149125768 3.19083203732 -0.345387767303 
1595.0 -1.44437049363 3.03257773744 0.772542970681 
1599.0 1.70523592907 -0.443826966994 5.99103768414 
1603.0 -1.78519096702 -0.768844674983 -0.429152572184 
1609.0 6.20159609358 3.42570069749 -0.868084229307 
1612.0 1.07682080209 -0.297370719407 -3.25692353191 
1615.0 -7.36558291551 -2.09999905576 -4.46384994837 
1619.0 0.46078738983 -0.0192961453046 1.21539932553 
1622.0 5.00814562925 -2.18817372531 1.06718470455 
1624.0 0.747324731664 -4.71411677053 -0.603416323849 
1627.0 -5.61828383275 -4.69602998926 -0.0877636129926 
1631.0 0.197026527907 1.46054608859 0.488329838511 
1634.0 1.61463060819 2.70588191686 -2.45343109934 
1638.0 -1.30108987932 -0.0367515614086 0.178890347403 
1643.0 1.96910346248 -0.602103743614 4.27612190323 
1644.0 1.15124638645 -0.484856526705 4.4214819584 
1648.0 -2.23028901321 -0.0869926547488 6.08737862995 
1652.0 3.48643396365 1.40973798113 1.71728653911 
1655.0 3.86877626471 2.05318244266 -4.2476975695 
1660.0 0.0494610620374 -1.56272599632 -0.820081734708 
1662.0 0.551419220175 -1.56360404979 1.22659638847 
1664.0 -0.242879282805 0.629808655215 1.09522133254 
1668.0 -4.48966346896 3.38843006343 -2.13847195713 
1671.0 -1.57459688363 -2.142998646 -2.27045260606 
1674.0 2.52227755232 -5.55494061081 1.40177341745 
1676.0 1.20078072683 -2.59433255094 4.60652921411 
1680.0 -5.23421217787 4.59675089149 4.07826830693 
1688.0 -2.50859797379 -0.509479381578 -0.722159686904 
1695.0 -3.1043453511 -4.84575853774 -1.21348557806 
1700.0 0.377809549592 -0.920818795349 0.563457566627 
1714.0 -0.857054120568 -0.480090125403 -6.28489024375 
1719.0 0.86691768117 0.0237772655365 -1.38936706783 
1724.0 1.60915640174 -3.47044323224 -1.19199564144 
1726.0 -0.0621137872644 -1.70289760919 1.21871367138 
1730.0 -2.01568980605 6.70631429423 5.10825503036 
1734.0 1.34653739155 1.46833627951 -1.44161990665 
1737.0 1.96261230376 -4.08345909592 -1.40426793398 
1740.0 1.16798296529 -0.540496131841 2.02411995081 
1745.0 4.13168720352 2.49857761995 -1.69646278528 
1752.0 -0.186450580276 -0.948841188837 -1.21242745862 
1755.0 -1.68427317506 0.0979112515832 -6.16334011179 
1759.0 -0.412689888068 1.24481359539 0.50478067983 
1762.0 0.138763574401 1.7602213865 4.40253115483 
1764.0 -0.366282575247 1.14536291505 0.791230154416 
1767.0 -1.17809989876 0.715707020954 -4.60140714195 
1770.0 -0.474371791088 2.34722019779 -0.645181730365 
1772.0 0.0782480500747 2.54564151592 2.62572823433 
1775.0 -1.08776789408 -0.736408380657 0.0422418341474 
1779.0 -2.60552082243 -3.09142234353 -5.56642931561 
1782.0 0.336924624585 0.921058969497 -2.5235554532 
1785.0 1.51848141595 3.57958150576 0.00131138905863 
1787.0 -1.141658719 2.60877975602 0.0432956029843 
1792.0 -6.90548999742 -3.44350010398 0.163706777743 
1806.0 -0.162322962545 -0.220325384229 2.9521588695 
1813.0 -6.34995226285 3.62363727898 -0.503907615793 
1818.0 -2.35422406564 -2.24413084387 -1.81263221154 
1820.0 0.0167063252023 -3.64145374655 -1.51109245331 
1824.0 1.34272593683 -1.07256169301 -2.97265863167 
1827.0 -0.553377179535 1.11962598218 -4.34808025532 
1832.0 -1.0223814543 1.45498017869 0.39723428075 
1839.0 -1.41747818543 -3.19245665365 3.79039944882 
1845.0 -0.468016986124 -1.97404095195 1.8706100232 
1849.0 -3.7762594273 0.705987946156 2.54601678253 
1852.0 1.1038599441 -0.413859668577 -0.0634590446306 
1856.0 7.0361978952 -2.70959683916 -4.81144302668 
1860.0 0.0299626310928 -1.70635759642 1.01764018831 
1863.0 -0.550181064078 -1.21856009847 4.91437004994 
1865.0 2.66154364407 -0.436687217228 3.41856299498 
1870.0 3.56272768437 6.14813585091 -0.572918916431 
1875.0 1.9148982093 1.30236194269 5.31749238486 
1877.0 3.65416568039 -1.88841652854 4.28950612055 
1881.0 2.59707440783 1.38491377051 -2.41400920559 
1885.0 -4.00079849946 4.14937953612 -2.87549214641 
1893.0 0.540735178204 -0.960406956634 -1.53318993872 
1900.0 -2.51413153679 4.41240078629 4.85371317159 
1903.0 2.80963863777 4.01473685591 4.16362481491 
1904.0 4.21446100966 4.10066987738 2.91958074078 
1908.0 0.0035679821229 4.50859380991 -0.38103866075 
1910.0 -2.93086345197 3.81878356108 -0.298997480198 
1912.0 -0.766421049765 2.52835774299 -0.663217197678 
1916.0 9.70431977901 1.10881089337 -2.14399534267 
1920.0 1.69101859441 2.54477721241 2.32008852642 
1923.0 -4.18263323543 1.61025684531 3.61849019293 
1926.0 -1.83765395968 -0.656610125221 -0.16062120995 
1933.0 -2.36718661888 4.45268170987 -3.78975837861 
1934.0 -0.515606414255 4.44243364588 -4.20643659267 
1937.0 4.99922353804 0.782043435772 -4.59661605521 
1940.0 2.16475948533 -4.3790330109 -1.19963421782 
1943.0 -2.26455905755 -6.54000661691 1.76423639895 
1952.0 -0.960576651434 1.85586447976 -1.34539216176 
1953.0 -1.49717463766 2.46058050415 -0.224125697674 
1955.0 0.382142414896 1.91248749385 1.18336759752 
1959.0 6.29132685246 -3.16227697547 -1.16983417191 
1964.0 -2.04884435927 -0.742897754111 -3.6437780059 
1965.0 -2.92244488973 0.71318818289 -3.02286555756 
1969.0 -0.600412347181 3.24266741441 1.39472707384 
1970.0 0.164505155974 2.90476660582 2.16082712856 
1975.0 2.20555613901 0.537615901232 0.287207414926 
1976.0 2.3335707072 0.269861664956 -0.371685701103 
1979.0 -0.169227651686 -0.310946294467 -0.99968486938 
1988.0 3.99861358547 3.75584044817 -7.18444006996 
1992.0 1.96548833386 -0.403658343795 1.40755686622 
1995.0 -0.782770735383 -2.69647181192 3.40549200004 
1998.0 1.66345518418 -1.46594182468 -0.126896325237 
